Timing: 67.94994959831237+-4.8889123347219625
Timing: 90.78750476837158+-39.294714046826535
Timing: 45.284094429016115+-2.9418504407981265
Timing: 55.017878246307376+-7.5326945091763085